P 9.100711 11.988850 0 126 5
P 15.716433 11.785450 2 100 5
P 2.484989 12.192251 1 100 5
P 6.305470 23.977701 0 79 5
P 11.895952 0.000000 0 79 5
P 6.513921 8.115767 0 74 2
P 11.687501 15.861934 0 74 2
P 11.344211 4.224067 0 46 3
P 6.857211 19.753634 0 46 3
P 6.255921 9.782253 0 72 2
P 11.945502 14.195448 0 72 2
P 10.990625 10.342651 0 48 3
P 7.210797 13.635049 0 48 3
P 5.623316 17.002226 0 4 3
P 12.578106 6.975475 0 4 3
P 0.000000 11.450592 0 11 4
P 18.201422 12.527109 0 11 4
P 8.551303 19.746941 0 55 5
P 9.650119 4.230760 0 55 5
P 4.405754 9.557323 0 73 3
P 13.795668 14.420378 0 73 3
P 14.796100 13.319765 0 56 2
P 3.405322 10.657935 0 56 2