P 10.543755 9.640219 0 6 1
P 13.554758 16.422422 2 100 5
P 7.532751 2.858016 1 100 5
P 6.414503 8.015066 0 71 3
P 14.673006 11.265372 0 71 3
P 16.739189 11.110405 0 47 5
P 4.348320 8.170033 0 47 5
P 12.289701 1.135419 0 2 2
P 8.797809 18.145019 0 2 2
P 20.479521 8.804522 0 89 5
P 0.607988 10.475916 0 89 5
P 18.004251 18.272278 0 34 3
P 3.083258 1.008160 0 34 3
P 10.693916 17.782901 0 14 1
P 10.393593 1.497537 0 14 1
P 20.529816 12.899314 0 87 1
P 0.557693 6.381124 0 87 1
P 0.000000 0.000000 0 56 3
P 21.087509 19.280438 0 56 3
P 7.116055 14.099355 0 13 3
P 13.971454 5.181083 0 13 3
P 11.145573 3.182357 0 1 3
P 9.941936 16.098081 0 1 3

