P 11.483566 9.106123 0 128 3
P 12.148916 8.875605 2 100 5
P 10.818216 9.336641 1 100 5
P 21.144374 5.233264 0 5 1
P 1.822758 12.978982 0 5 1
P 18.356748 0.000000 0 55 4
P 4.610384 18.212247 0 55 4
P 13.172242 17.646060 0 30 3
P 9.794890 0.566187 0 30 3
P 2.518273 10.734015 0 25 4
P 20.448859 7.478231 0 25 4
P 1.690516 17.136740 0 63 2
P 21.276616 1.075507 0 63 2
P 19.188158 10.051382 0 21 3
P 3.778974 8.160864 0 21 3
P 7.159718 1.584193 0 7 1
P 15.807414 16.628054 0 7 1
P 14.982163 1.729513 0 61 4
P 7.984969 16.482734 0 61 4
P 8.256284 5.780001 0 19 5
P 14.710848 12.432246 0 19 5
P 0.000000 16.169205 0 61 3
P 22.967132 2.043042 0 61 3