P 10.299233 11.450705 0 87 3
P 6.555153 11.375556 1 100 5
P 14.043313 11.525854 2 100 5
P 4.019069 11.998543 0 81 1
P 16.579396 10.902867 0 81 1
P 7.712292 13.885478 0 76 4
P 12.886174 9.015932 0 76 4
P 20.598466 2.809423 0 62 5
P 0.000000 20.091987 0 62 5
P 1.710927 6.417713 0 71 2
P 18.887539 16.483697 0 71 2
P 15.085040 0.000000 0 3 2
P 5.513426 22.901410 0 3 2
P 14.763300 1.162524 0 20 1
P 5.835166 21.738886 0 20 1
P 9.947834 3.046866 0 53 4
P 10.650632 19.854544 0 53 4
P 16.330166 13.110713 0 9 1
P 4.268299 9.790697 0 9 1
P 15.317959 12.701822 0 77 2
P 5.280507 10.199588 0 77 2
P 18.517358 13.703378 0 80 2
P 2.081108 9.198032 0 80 2

